0,-0.0009765774,-0.01663233
1,-0.002441443,-0.01712062
2,0.0,-0.01663233
3,0.0,-0.01663233
4,-0.0004882887,-0.01712062
5,-0.0009765774,-0.01712062
6,0.0,-0.01712062
7,-0.0004882887,-0.01712062
8,0.0,-0.01663233
9,0.0,-0.01663233
10,-0.0004882887,-0.01663233
11,0.0,-0.01712062
12,0.0,-0.01712062
13,-0.0009765774,-0.01663233
14,0.0,-0.01712062
15,0.0,-0.01712062
16,0.0,-0.01663233
17,-0.0009765774,-0.01712062
18,0.0004882887,-0.01663233
19,0.0,-0.01663233
20,0.0,-0.01712062
21,0.0,-0.01663233
22,0.0,-0.01663233
23,0.0,-0.01760891
24,0.0,-0.01663233
25,0.0,-0.01663233
26,-0.0009765774,-0.01663233
27,-0.001464866,-0.01858549
28,0.0,-0.01663233
29,0.0,-0.01663233
30,0.0,-0.01663233
31,0.0,-0.01663233
32,0.0,-0.01712062
33,0.0,-0.01712062
34,0.0,-0.01663233
35,0.0,-0.01712062
36,-0.0004882887,-0.01663233
37,0.0,-0.01712062
38,0.0,-0.01712062
39,0.0,-0.01663233
40,0.0,-0.01663233
41,0.0,-0.01663233
42,0.0,-0.01663233
43,0.0,-0.01712062
44,0.0004882887,-0.01663233
45,0.0,-0.01663233
46,-0.0004882887,-0.01663233
47,0.0,-0.01712062
48,0.0,-0.01663233
49,0.0,-0.01663233
50,0.0009765774,-0.01663233
51,0.0,-0.01663233
52,0.0,-0.01663233
53,-0.0009765774,-0.01663233
54,0.0,-0.01663233
55,0.0,-0.01712062
56,0.0,-0.01663233
57,0.0,-0.01663233
58,0.0,-0.01663233
59,-0.0004882887,-0.01419089
60,0.0,-0.01663233
61,0.0,-0.01467918
62,-0.0009765774,-0.01712062
63,-0.001464866,-0.01712062
64,-0.0009765774,-0.01956207
65,0.0,-0.01663233
66,0.0009765774,-0.01663233
67,0.0,-0.01907378
68,0.0,-0.01663233
69,0.0,-0.0180972
70,0.0,-0.01663233
71,0.0,-0.01663233
72,0.0,-0.01663233
73,0.0,-0.01467918
74,0.0,-0.01663233
75,0.0,-0.01712062
76,0.0,-0.01663233
77,0.0,-0.01712062
78,0.0,-0.01663233
79,0.0,-0.01663233
80,0.0,-0.01663233
81,0.0,-0.01663233
82,0.0,-0.01712062
83,-0.0004882887,-0.01907378
84,0.0,-0.01712062
85,0.0,-0.01663233
86,-0.002441443,-0.01712062
87,0.0,-0.01663233
88,0.0,-0.01663233
89,0.0,-0.01663233
90,0.0,-0.01663233
91,0.0,-0.01663233
92,0.0,-0.01663233
93,0.0,-0.01663233
94,0.0,-0.01663233
95,-0.0004882887,-0.01712062
96,0.0,-0.01663233
97,0.0,-0.01663233
98,0.0,-0.01663233
99,0.0,-0.01663233
100,-0.0004882887,-0.01663233
101,0.0,-0.01663233
102,0.0,-0.01663233
103,0.0,-0.01712062
104,0.0,-0.01663233
105,0.0,-0.01663233
106,0.0,-0.01663233
107,0.0,-0.01663233
108,0.0,-0.01663233
109,-0.001464866,-0.01663233
110,0.0009765774,-0.01760891
111,-0.0009765774,-0.01467918
112,0.0,-0.01663233
113,0.0,-0.01663233
114,-0.0004882887,-0.01565576
115,0.0,-0.01565576
116,0.0,-0.01663233
117,0.0,-0.01663233
118,0.001464866,-0.01663233
119,0.0,-0.01663233
120,0.0,-0.01712062
121,0.0,-0.005859465
122,0.0,0.05029374
123,0.0,0.1382162
124,0.0,0.2148776
125,0.0,0.2744793
126,0.0,0.3540703
127,0.0,0.4117189
128,0.0,0.5055008
129,0.0,0.5997406
130,-0.0009765774,0.66569
131,0.0,0.7296559
132,0.0,0.7916991
133,0.0,0.8532234
134,0.0,0.9343099
135,0.0,0.9782558
136,0.0,0.9797208
137,0.001464866,0.9806973
138,-0.0004882887,0.9797208
139,-0.0004882887,0.9802091
140,0.0,0.9797208
141,-0.0009765774,0.9797208
142,0.0,0.9797208
143,0.0,0.9802091
144,0.0,0.9797208
145,-0.0004882887,0.9797208
146,0.0,0.9797208
147,0.0004882887,0.9797208
148,0.0,0.9792325
149,0.0,0.9797208
150,0.0,0.9797208
151,0.0,0.9802091
152,0.0,0.9797208
153,-0.001953155,0.9797208
154,-0.0009765774,0.9806973
155,-0.0004882887,0.9797208
156,0.0,0.9792325
157,0.0,0.9797208
158,0.0,0.9797208
159,0.0,0.9797208
160,0.0,0.9802091
161,0.0,0.9797208
162,0.0,0.9797208
163,0.0,0.9797208
164,0.0,0.9792325
165,0.0,0.9797208
166,-0.0004882887,0.9797208
167,0.0,0.9792325
168,-0.001464866,0.9797208
169,-0.0004882887,0.9797208
170,0.0,0.9797208
171,0.0,0.9792325
172,0.0,0.9797208
173,0.0,0.9806973
174,0.0,0.9797208
175,0.0,0.9797208
176,0.0009765774,0.9797208
177,-0.0004882887,0.9797208
178,0.0,0.9797208
179,0.0,0.9797208
180,0.0,0.9797208
181,0.0,0.9797208
182,0.0,0.9797208
183,0.0,0.9797208
184,0.0,0.9797208
185,0.0,0.9797208
186,0.0,0.9802091
187,0.0,0.9797208
188,0.0,0.9802091
189,0.0,0.9782558
190,0.0,0.9797208
191,0.0,0.9797208
192,0.0,0.9797208
193,0.0,0.9797208
194,-0.001953155,0.9782558
195,-0.0004882887,0.9797208
196,0.0004882887,0.9797208
197,0.0,0.9797208
198,-0.0004882887,0.9797208
199,-0.0004882887,0.9797208
200,0.0,0.9821622
201,0.0,0.9797208
202,-0.0004882887,0.9782558
203,0.0,0.2437171
204,0.0,-0.01712062
205,-0.002441443,-0.01712062
206,-0.0004882887,-0.4708324
207,-0.0004882887,-1.005631
208,0.0,-1.005631
209,-0.001464866,-1.006119
210,0.0,-1.005631
211,-0.0004882887,-1.006607
212,-0.0004882887,-1.005631
213,-0.0004882887,-1.005142
214,-0.001464866,-1.000259
215,-0.0004882887,-1.005631
216,0.0,-1.005631
217,0.0,-1.005142
218,-0.0009765774,-1.005631
219,0.0,-1.011978
220,0.0,-1.005631
221,0.0,-1.005142
222,0.0,-1.005142
223,0.0,-1.005142
224,-0.0004882887,-1.005631
225,0.0,-1.005631
226,0.0,-1.005631
227,0.0,-1.005631
228,0.0,-1.005631
229,-0.001464866,-1.007584
230,-0.0004882887,-1.005142
231,0.0,-1.005631
232,-0.0009765774,-1.005631
233,-0.0009765774,-1.006119
234,-0.0009765774,-1.005631
235,0.0,-1.005142
236,-0.0009765774,-1.005142
237,0.0,-1.005631
238,-0.0009765774,-1.005631
239,-0.0009765774,-1.005631
240,-0.0009765774,-1.011978
241,0.001464866,-1.005631
242,0.0,-1.006119
243,0.0,-1.006119
244,0.0,-1.005631
245,0.0,-1.005631
246,0.0,-1.005631
247,0.0,-1.005631
248,-0.0009765774,-1.005631
249,-0.0004882887,-1.005631
250,-0.0009765774,-1.006119
251,-0.0004882887,-1.005631
252,-0.0009765774,-1.005142
253,-0.0009765774,-1.005631
254,-0.0004882887,-1.005631
255,-0.0009765774,-1.005631
256,-0.0009765774,-1.005631
257,0.0,-1.005631
258,-0.0009765774,-1.005631
259,0.0,-1.005142
260,0.0,-1.007584
261,0.0,-1.005142
262,0.0,-1.005631
263,0.0,-1.005142
264,-0.0004882887,-1.005631
265,-0.0004882887,-1.005142
266,-0.0009765774,-1.005631
267,0.0,-1.005142
268,0.0009765774,-1.005631
269,-0.0004882887,-1.007584
270,-0.0004882887,-1.005631
271,-0.0009765774,-1.007584
272,0.0,-1.005631
273,0.0,-1.005631
274,-0.0009765774,-1.005142
275,0.0,-1.005631
276,-0.0009765774,-1.005142
277,-0.0009765774,-1.005631
278,0.0009765774,-1.007584
279,-0.0004882887,-1.005631
280,-0.0004882887,-1.005142
281,0.0,-1.005631
282,0.0,-1.005631
283,0.0,-1.005631
284,-0.0004882887,-1.005142
285,0.0,-1.005631
286,0.0,-1.005631
287,-0.0004882887,-1.005631
288,0.0,-1.005142
289,0.0,-1.005631
290,0.0,-1.005142
291,0.0,-1.005631
292,0.0,-1.005631
293,0.0,-1.005631
294,-0.0004882887,-1.005631
295,-0.0004882887,-1.005631
296,0.0,-1.005142
297,0.0,-1.005142
298,0.0,-1.009049
299,-0.0004882887,-1.005142
300,-0.001464866,-1.005631
301,0.0,-1.005631
302,0.0,-1.005142
303,-0.0004882887,-0.9987946
304,0.001464866,-1.006119
305,0.0,-1.005631
306,-0.0009765774,-1.005631
307,-0.0009765774,-1.005631
308,-0.0009765774,-1.005631
309,0.0,-1.005631
310,-0.0004882887,-1.005631
311,0.0,-1.005142
312,-0.0009765774,-1.006119
313,0.0,-1.005631
314,0.0,-1.005631
315,0.0,-1.007584
316,0.0,-1.005631
317,0.0,-1.005631
318,0.0,-1.005142
319,-0.001464866,-1.008072
320,0.0,-1.005142
321,-0.0004882887,-1.005631
322,0.0,-1.005631
323,0.0,-1.005142
324,0.0,-1.006119
325,-0.0004882887,-1.005631
326,0.0,-1.007584
327,0.0,-1.005631
328,0.0009765774,-1.005631
329,0.0,-1.005142
330,0.0,-1.005631
331,0.0,-1.005142
332,0.0,-1.005631
333,0.0,-1.005631
334,0.0,-1.005631
335,0.0,-1.005631
336,0.0,-1.005631
337,0.0,-1.005631
338,0.0,-1.005631
339,0.0,-1.005142
340,-0.0009765774,-1.005631
341,0.0,-1.005631
342,0.0,-1.005631
343,0.0,-1.005631
344,0.0,-1.005142
345,-0.0009765774,-1.007584
346,0.0004882887,-1.005631
347,-0.002441443,-1.006119
348,0.0,-1.005142
349,0.0,-1.005631
350,0.0,-1.005631
351,0.0004882887,-1.008072
352,0.0,-1.005631
353,-0.001464866,-1.005631
354,0.0,-1.005631
355,0.0,-1.005631
356,0.0,-1.005142
357,0.0,-0.9953765
358,0.0,-0.9348287
359,-0.0004882887,-0.8439765
360,0.0,-0.7238269
361,-0.0009765774,-0.560708
362,-0.0004882887,-0.3438468
363,0.0,-0.03811704
364,0.0004882887,-0.01516747
365,0.0,-0.01712062
366,0.0,-0.01712062
367,0.0,-0.01663233
368,-0.001464866,-0.01760891
369,-0.002441443,-0.01663233
370,0.0,-0.01663233
371,0.0004882887,-0.01760891
372,0.0004882887,-0.01712062
373,0.0,-0.01663233
374,0.0,-0.01712062
375,0.0,-0.01712062
376,0.0,-0.01663233
377,0.001464866,-0.01663233
378,0.0,-0.01663233
379,0.0,-0.01663233
380,0.0,-0.01712062
381,-0.0004882887,-0.01760891
382,0.0,-0.01663233
383,0.0,-0.01663233
384,0.0,-0.01467918
385,0.0,-0.01712062
386,0.0,-0.01663233
387,0.0,-0.01712062
388,0.0,-0.01712062
389,0.0,-0.01712062
390,0.0,-0.01712062
391,-0.0004882887,-0.01663233
392,0.0,-0.01712062
393,0.0,-0.01663233
394,0.0,-0.01712062
395,0.0,-0.01516747
396,0.0,-0.01663233
397,0.0,-0.01663233
398,-0.0004882887,-0.01663233
399,0.0,-0.01663233
400,0.0,-0.01663233
401,0.0009765774,-0.01663233
402,0.0,-0.01712062
403,0.0,-0.01663233
404,0.0009765774,-0.01712062
405,0.0,-0.01712062
406,0.0,-0.01712062
407,0.0,-0.01663233
408,-0.0009765774,-0.01565576
409,0.0,-0.01663233
410,0.0,-0.01712062
411,0.0,-0.01663233
412,0.0,-0.01712062
413,0.0,-0.01712062
414,0.0,-0.01663233
415,-0.0004882887,-0.01663233
416,0.0,-0.01663233
417,-0.0004882887,-0.01663233
418,-0.0009765774,-0.01516747
419,0.0,-0.0180972
420,0.0,-0.01712062
421,-0.0009765774,-0.01663233
422,0.0,-0.01663233
423,-0.0009765774,-0.01663233
424,0.0,-0.01663233
425,-0.0004882887,-0.01712062
426,0.0,-0.01712062
427,-0.001464866,-0.0180972
428,-0.0009765774,-0.01760891
429,0.0,-0.01663233
430,-0.0009765774,-0.01760891
431,0.0,-0.01663233
432,0.0,-0.01663233
433,0.001464866,-0.01663233
434,0.0004882887,-0.01663233
435,0.0009765774,-0.01614404
436,0.0,-0.01712062
437,0.0,-0.01712062
438,-0.0009765774,-0.01956207
439,-0.0004882887,-0.01712062
440,0.0,-0.01712062
441,-0.0004882887,-0.01712062
442,0.0,-0.01663233
443,0.0,-0.01663233
444,0.0,-0.01663233
445,0.0,-0.01712062
446,0.0,-0.01663233
447,0.0,-0.0180972
448,0.0,-0.01663233
449,-0.0009765774,-0.01565576
450,0.0,-0.01663233
451,0.0,-0.01712062
452,0.0,-0.01712062
453,0.0,-0.01712062
454,-0.0004882887,-0.01712062
455,0.0,-0.01712062
456,0.0,-0.01712062
457,-0.0004882887,-0.01663233
458,0.0,-0.01712062
459,0.0,-0.01712062
460,0.0,-0.01712062
461,0.0,-0.01663233
462,-0.001953155,-0.01712062
463,-0.0009765774,-0.01663233
464,0.0,-0.01663233
465,0.0,-0.01712062
466,0.0,-0.01712062
467,0.0,-0.01712062
468,-0.0004882887,-0.01663233
469,-0.001464866,-0.01663233
470,0.0,-0.01712062
471,0.0,-0.01760891
472,0.0,-0.01712062
473,0.0,-0.01467918
474,0.0,-0.01712062
475,0.0,-0.01663233
476,0.0,-0.01712062
477,-0.0009765774,-0.01516747
478,0.0,-0.01663233
479,0.0,-0.01663233
480,0.0,-0.01663233
481,0.0,-0.01712062
482,0.0,-0.01663233
483,0.0,-0.01663233
484,0.0,-0.01712062
485,0.0,-0.01712062
486,0.0,-0.01663233
487,0.0009765774,-0.01760891
488,0.0,-0.01712062
489,0.0,-0.01712062
490,0.0,-0.01663233
491,-0.001464866,-0.01712062
492,0.0,-0.01712062
493,0.0,-0.01712062
494,0.0,-0.01712062
495,-0.0009765774,-0.01760891
496,0.0,-0.01712062
497,-0.001464866,-0.01712062
498,0.0,-0.01712062
499,0.0,-0.01663233
500,-0.002441443,-0.01663233
501,0.0,-0.01614404
502,0.0,-0.01712062
503,0.0,-0.01663233
504,-0.0009765774,-0.01712062
505,0.0009765774,-0.01712062
506,0.0,-0.01712062
507,0.0,-0.01663233
508,0.001464866,-0.01516747
509,0.0,-0.01663233
510,0.0,-0.01663233
511,0.0,-0.01663233
512,0.0,-0.01712062
513,0.0,-0.01712062
514,0.0,-0.01663233
515,0.0,-0.01467918
516,0.0,-0.01663233
517,0.0,-0.01712062
518,-0.0004882887,-0.01712062
519,0.0,-0.01663233
520,0.0,-0.01663233
521,0.0,-0.01663233
522,0.0,-0.01712062
523,0.0,-0.01712062
524,0.0,-0.01712062
525,0.0,-0.01663233
526,0.0,-0.01663233
527,0.0,-0.01712062
528,0.0,-0.01712062
529,0.0,-0.01663233
530,0.0,-0.01663233
531,0.0,-0.01663233
532,0.0,-0.01712062
533,0.0,-0.01663233
534,0.0,-0.01712062
535,-0.0009765774,-0.01712062
536,0.0,-0.01712062
537,-0.0009765774,-0.01419089
538,0.0,-0.01663233
539,0.0,-0.01663233
540,0.0,-0.0180972
541,0.0,-0.01712062
542,0.0,-0.01760891
543,0.0,-0.01712062
544,-0.001953155,-0.01712062
545,-0.0004882887,-0.01712062
546,0.0,-0.01712062
547,0.0,-0.01663233
548,0.0,-0.01956207
549,0.0,-0.01712062
550,0.0,-0.01663233
551,-0.0004882887,-0.01712062
552,0.0,-0.01712062
553,0.0,-0.01712062
554,0.0,-0.01712062
555,-0.0009765774,-0.01712062
556,0.0,-0.01712062
557,0.0,-0.01663233
558,0.0009765774,-0.01712062
559,-0.0009765774,-0.01712062
560,0.0,-0.01712062
561,0.0,-0.01663233
562,0.0,-0.01712062
563,-0.0004882887,-0.01712062
564,-0.002441443,-0.01663233
565,0.0,-0.01712062
566,0.0,-0.01663233
567,0.0,-0.01712062
568,0.0,-0.01419089
569,-0.0004882887,-0.01712062
570,0.001464866,-0.01712062
571,0.0,-0.01663233
572,0.0,-0.01663233
573,-0.0009765774,-0.01663233
574,0.0,-0.01712062
575,0.0,-0.01712062
576,0.0,-0.01712062
577,0.0,-0.01663233
578,0.0,-0.01712062
579,0.0,-0.01712062
580,-0.0009765774,-0.01467918
581,0.0,-0.01663233
582,0.0,-0.01663233
583,-0.0009765774,-0.01663233
584,0.0,-0.01663233
585,0.0,-0.01663233
586,-0.0004882887,-0.01663233
587,0.0,-0.01712062
588,0.0,-0.01663233
589,0.0,-0.01663233
590,-0.0004882887,-0.01663233
591,0.0,-0.01712062
592,0.0,-0.01663233
593,0.0,-0.01663233
594,0.0,-0.01712062
595,-0.0004882887,-0.01663233
596,0.0,-0.01663233
597,0.0,-0.01712062
598,0.0,-0.01663233
599,0.0,-0.01663233
600,0.0,-0.01663233
601,-0.001953155,-0.01907378
602,0.0,-0.01663233
603,0.0,-0.01712062
604,-0.0004882887,-0.01516747
605,-0.0004882887,-0.01760891
606,-0.0009765774,-0.01712062
607,0.0,-0.01712062
608,0.0,-0.01712062
609,0.0,-0.01712062
610,0.0,-0.01712062
611,0.0,-0.01712062
612,-0.002441443,-0.01663233
613,-0.0004882887,-0.01712062
614,0.0,-0.01712062
615,-0.0004882887,-0.01712062
616,0.0,-0.01712062
617,-0.0004882887,-0.01712062
618,-0.002441443,-0.01663233
619,0.0,-0.01712062
620,-0.0009765774,-0.01712062
621,0.0,-0.01663233
622,0.0,-0.01712062
623,-0.0004882887,-0.01663233
624,0.0,-0.01712062
625,0.0,-0.01712062
626,0.0,-0.01467918
627,0.0,-0.01663233
628,0.0004882887,-0.01712062
629,0.0,-0.01663233
630,0.0,-0.01663233
631,-0.0004882887,-0.01712062
632,0.0,-0.01712062
633,0.0,-0.01712062
634,0.0,-0.01712062
635,0.0,-0.01712062
636,-0.0009765774,-0.01712062
637,0.0,-0.01712062
638,0.0,-0.01712062
639,0.0,-0.01663233
640,0.0,-0.01663233
641,0.0,-0.01712062
642,0.001464866,-0.01712062
643,0.0,-0.01712062
644,-0.0004882887,-0.01712062
645,-0.002441443,-0.01663233
646,0.001464866,-0.01516747
647,-0.0009765774,-0.01712062
648,0.0,-0.01663233
649,0.0009765774,-0.01467918
650,-0.0004882887,-0.01663233
651,0.0009765774,-0.01663233
652,0.0,-0.01663233
653,0.0,-0.01663233
654,0.0,-0.01614404
655,0.0,-0.01712062
656,0.0,-0.01712062
657,-0.0004882887,-0.01712062
658,-0.0004882887,-0.01663233
659,0.0,-0.01712062
660,0.0,-0.01712062
661,-0.0004882887,-0.01712062
662,0.0,-0.01663233
663,0.0,-0.01663233
664,0.0,-0.01760891
665,0.0,-0.01712062
666,0.0,-0.01663233
667,0.0,-0.01712062
668,-0.0009765774,-0.01663233
669,0.0,-0.01712062
670,0.0,-0.01663233
671,-0.0004882887,-0.01663233
672,0.0,-0.01712062
673,0.0,-0.01712062
674,0.0,-0.01663233
675,0.0009765774,-0.01516747
676,0.0,-0.01663233
677,-0.0009765774,-0.01712062
678,0.0,-0.01712062
679,0.0,-0.01663233
680,0.0,-0.01712062
681,0.001464866,-0.01467918
682,0.0,-0.01712062
683,-0.001953155,-0.01516747
684,-0.0009765774,-0.01663233
685,0.0,-0.01663233
686,-0.0004882887,-0.01663233
687,0.0,-0.01663233
688,-0.0004882887,-0.01712062
689,0.0,-0.01663233
690,0.0,-0.01712062
691,0.0,-0.01663233
692,0.0,-0.01663233
693,0.0,-0.01712062
694,0.0009765774,-0.01663233
695,0.0009765774,-0.01760891
696,0.0,-0.01760891
697,0.0009765774,-0.01663233
698,0.0,-0.01663233
699,-0.0009765774,-0.01663233
700,0.0,-0.01712062
701,0.0,-0.01712062
702,0.0,-0.01712062
703,0.0004882887,-0.01760891
704,0.0,-0.01663233
705,0.0,-0.01663233
706,0.001464866,-0.01663233
707,-0.002441443,-0.01712062
708,-0.0004882887,-0.01712062
709,-0.001464866,-0.01516747
710,0.0,-0.01712062
711,0.0,-0.01663233
712,0.0,-0.01663233
713,0.0,-0.01663233
714,0.002441443,-0.01858549
715,0.0,-0.01712062
716,-0.0004882887,-0.01712062
717,-0.0009765774,-0.01663233
718,0.0,-0.01712062
719,-0.0004882887,-0.01712062
720,0.0,-0.01663233
721,-0.0009765774,-0.01663233
722,0.0009765774,-0.0180972
723,0.0,-0.01663233
724,0.0,-0.01663233
725,0.0,-0.01663233
726,-0.0004882887,-0.01663233
727,0.0,-0.01712062
728,0.0,-0.01712062
729,-0.0004882887,-0.01712062
730,0.0,-0.01712062
731,-0.002441443,-0.01712062
732,0.0,-0.01712062
733,-0.0009765774,-0.01663233
734,0.0,-0.01760891
735,0.0,-0.01712062
736,0.0,-0.01712062
737,0.0,-0.0180972
738,0.0,-0.01712062
739,-0.0004882887,-0.01663233
740,0.0,-0.01663233
741,-0.0004882887,-0.01712062
742,0.0,-0.01663233
743,0.0,-0.01712062
744,0.0,-0.01712062
745,0.0,-0.01712062
746,0.0,-0.01712062
747,-0.0009765774,-0.01760891
748,-0.0004882887,-0.01712062
749,0.0,-0.01760891
750,-0.001464866,-0.01467918
751,-0.0009765774,-0.01663233
752,0.0,-0.01712062
753,0.0,-0.01760891
754,0.0,-0.01712062
755,0.001464866,-0.01663233
756,0.0,-0.01663233
757,0.0,-0.01712062
758,0.0,-0.01712062
759,0.0,-0.01712062
760,0.0,-0.01712062
761,0.0,-0.01760891
762,-0.0009765774,-0.01663233
763,0.0,-0.01663233
764,-0.0009765774,-0.01467918
765,0.0,-0.01712062
766,0.0,-0.01712062
767,-0.0004882887,-0.01663233
768,0.0,-0.01663233
769,0.0,-0.01712062
770,-0.0009765774,-0.01760891
771,0.0,-0.01663233
772,0.0,-0.01712062
773,0.0,-0.01712062
774,0.0,-0.01712062
775,0.0,-0.01712062
776,0.0,-0.01712062
777,0.0,-0.01663233
778,-0.001953155,-0.01663233
779,-0.0009765774,-0.01712062
780,-0.0004882887,-0.01663233
781,0.0,-0.01712062
782,0.0,-0.01663233
783,0.0004882887,-0.01712062
784,-0.0004882887,-0.01712062
785,-0.0009765774,-0.01712062
786,-0.0004882887,-0.01712062
787,0.0,-0.01663233
788,0.0,-0.01663233
789,-0.0004882887,-0.01712062
790,0.0,-0.01712062
791,0.0,-0.01663233
792,-0.0004882887,-0.01712062
793,0.0,-0.01712062
794,0.0,-0.01663233
795,0.0,-0.01663233
796,0.0,-0.01760891
797,0.0,-0.01712062
798,0.0,-0.01663233
799,-0.0004882887,-0.01663233